3.37984500592756e-20, 0.1, -7.671762790414423e-20, -1.2, -9.52880363982232e-19, 1.6, 0.7853981633974483
-0.24219062864269292, 0.8100654152338039, 0.3167502312917299, -1.5064185900732419, -0.3323095225575702, 2.28213677368749, -0.5659649531403786
-0.23780950582068625, 0.9130005298110424, 0.2925115329305067, -1.49486192682243, -0.35047015438649054, 2.343038887463864, -0.5659074180311594
grasp
-0.24219062864269292, 0.8100654152338039, 0.3167502312917299, -1.5064185900732419, -0.3323095225575702, 2.28213677368749, -0.5659649531403786
0.5419907086481114, 1.2502461003980654, -0.20785587482871712, -0.7936789617403046, 0.2496375059654972, 2.0404857473760067, 1.3812280810421134
0.5210581880649705, 1.3643853036831044, -0.17148917899713437, -0.745140369136992, 0.21153268998615607, 2.110873352514841, 1.4244640970616902
release
0.5419907086481114, 1.2502461003980654, -0.20785587482871712, -0.7936789617403046, 0.2496375059654972, 2.0404857473760067, 1.3812280810421134
0.26397447406473445, 0.9660536214380389, 0.02143984103712209, -1.310149495972085, -0.008956723485949437, 2.2787290807258618, 1.0563218395506768
0.2613373213150482, 1.0740057718274363, 0.018644844130428717, -1.2836530049972157, -0.00981221668970905, 2.328864907987059, 1.0538904002325225
grasp
0.26397447406473445, 0.9660536214380389, 0.02143984103712209, -1.310149495972085, -0.008956723485949437, 2.2787290807258618, 1.0563218395506768
-0.4153637078753707, 0.854869179508596, 0.5406043935693658, -1.5112646786050088, -0.552115288246274, 2.2416587294226296, -1.7453676167747603
-0.40215813682403484, 0.9567351188662492, 0.5013405537709944, -1.4965311987108119, -0.5811426686053407, 2.2998258729918377, -1.7427651794401493
release
