-0.0, -0.35
-0.4689158574085309, 1.4575272555246161, 0.021568754701063376, -0.6213983019029363, -0.024922918272803875, 2.079182830036772, 0.33117280484331485
-0.0, -0.25
-0.3396697647179802, 1.1857776497292898, -0.0015016944105362966, -1.1407494975476105, 0.0016326521166188442, 2.32644241909534, 0.4444075796209762
-0.0, -0.2
-0.2735318892825341, 1.1270051694637309, -0.003762606932422025, -1.2566459725853383, 0.004491464850830035, 2.383604329790497, 0.5072959428820492
-0.0, -0.15
-0.20692707079809292, 1.0862252967446286, -0.0033155601942425677, -1.3382443510629694, 0.005397651982214904, 2.425007337802656, 0.5732927196586031
-0.0, -0.1
-0.13864461221342603, 1.059016151612532, -0.002617017576339206, -1.3931168851122966, 0.004154738112482147, 2.45308498402214, 0.6424164375197663
-0.0, -0.05
-0.07478287776010555, 1.0435622626695553, 0.004820012670617946, -1.4242199096526562, -0.00673922177624644, 2.4677397050750676, 0.7182885483659769
-0.0, -0.0
-4.3991893613953123e-10, 1.0395970301523325, 0.0, -1.4326599095670511, 0.0, 2.4712752126174258, 0.785398163
-0.0, 0.1
0.13838049426915192, 1.0590806777435764, 0.002940953177222209, -1.3928246032055163, -0.004087533990060555, 2.4522869096113302, 0.9277770117109102
-0.0, 0.15
0.20645177975890006, 1.086155184341033, 0.003911826062766699, -1.3381289499334963, -0.00504375463858995, 2.424458775234513, 0.996803096431286
-0.0, 0.2
0.2735326168006899, 1.127005156989715, 0.003761657985000505, -1.2566461163540232, -0.0044920041853967595, 2.38360474699111, 1.063501598150672
-0.0, 0.25
0.32194754941904674, 1.185700609420244, 0.028019902949622692, -1.1408795027618277, -0.03555057023120032, 2.326589579897331, 1.1426748735498158
-0.0, 0.3
0.4049792796389618, 1.2736330240095552, -0.00471173482152146, -0.9697917831792253, 0.006074666652753083, 2.243190613672513, 1.1850070733922495
-0.0, 0.35
0.37345387363899013, 1.4708997123202552, 0.23574272471302485, -0.6135901275387287, -0.2674111615880982, 2.0666018055317545, 1.3124613736465565
0.05, -0.2
-0.20568962776898372, 1.3845607678268252, -0.11544594046737597, -0.7634819152298997, 0.13499152539538503, 2.1426487866303723, 0.4849382887530725
0.05, -0.1
-0.14595783374859506, 1.248459366524044, 0.023632940294707014, -1.0182245252747464, -0.029232632459255673, 2.266418329654947, 0.6656522233647603
0.05, -0.05
-0.05280534985043066, 1.2239472820396557, -0.020767239700900997, -1.065813884875611, 0.02604943203790612, 2.289694224479398, 0.7083556806879532
0.05, -0.0
0.0001324327846504794, 1.217611273588715, 0.0, -1.0784464126173374, 0.0, 2.2959367984132566, 0.7855084531204484
0.05, 0.05
0.0738997860975473, 1.2238994530074911, -0.012417953526127679, -1.0657225516263156, 0.015516029101984281, 2.2895475161927163, 0.8448638199629644
0.05, 0.1
0.13051460541961335, 1.2484463401836243, 0.0017364774893980717, -1.0181002760237827, -0.0021744496326424247, 2.2664982516821732, 0.9178519977093682
0.05, 0.15
0.1791866389088988, 1.294940524184822, 0.030155407884522166, -0.928730587837185, -0.03649194817815958, 2.2232201089762724, 0.9949575040330093
0.05, 0.2
0.23257535322515965, 1.380639500891105, 0.05670929796647374, -0.766445128980892, -0.06637078007608549, 2.145779579914856, 1.064833773613965
